Define CharList
 ( 'A', 'B', 'C', 'D', 'E', 'F', 'G', 'H', 'I', 'J', 'K', 'L', 'M', 'N', 'O', 'P',
   'Q', 'R', 'S', 'T', 'U', 'V', 'W', 'X', 'Y', 'Z', 'a', 'b', 'c', 'd', 'e', 'f',
   'g', 'h', 'i', 'j', 'k', 'l', 'm', 'n', 'o', 'p', 'q', 'r', 's', 't', 'u', 'v',
   'w', 'x', 'y', 'z', '0', '1', '2', '3', '4', '5', '6', '7', '8', '9', '~', '`',
   '!', '@', '#', '$', '%', '^', '&', '*', '(', ')', '-', '_', '=', '+', '[', '{',
   ']', '}', ';', ':',"'", '"', ',', '<', '.', '>', '/', '?');

Define WidthList
 (  10,  10,  10,   9,   9,   9,  11,   9,   8,   9,   9,   8,  11,  10,  11,   8,
    11,   9,  10,   9,   9,  10,  11,   8,   9,   9,  10,  10,   9,   9,   8,   7,
    10,   9,   3,   9,   9,   8,  11,  10,  11,   9,  11,   9,   9,   9,   8,   9,
    11,   8,   9,  10,   9,   5,   8,   9,   8,   9,   9,   8,   9,  10,  10,   4,
     5,  12,   9,   9,  12,   9,   9,   6,   5,   6,   8,   8,   8,   8,   5,  10,
     7,   9,   4,   3,   4,   6,   4,   5,   4,   6,   8,   9);

Define RectList
 ( (   0,  0, 10, 13), (  11,  0, 10, 13), (  22,  0, 10, 13), (  33,  0,  9, 13),
   (  43,  0,  9, 13), (  53,  0,  7, 13), (  61,  0, 11, 13), (  73,  0,  8, 13),
   (  82,  0,  8, 13), (  91,  0,  9, 13), ( 101,  0,  9, 13), ( 111,  0,  8, 13),
   ( 120,  0, 11, 13), ( 132,  0, 10, 13), ( 143,  0, 11, 13), ( 155,  0,  7, 13),
   ( 163,  0, 11, 13), ( 175,  0,  9, 13), ( 185,  0, 10, 13), ( 196,  0,  9, 13),
   ( 206,  0,  9, 13), ( 216,  0, 10, 13), ( 227,  0, 11, 13), ( 239,  0,  8, 13),
   ( 248,  0,  9, 13), ( 258,  0,  9, 13), ( 268,  0, 10, 13), ( 279,  0, 11, 13),
   ( 291,  0,  9, 13), ( 301,  0,  9, 13), ( 311,  0,  8, 13), ( 320,  0,  7, 13),
   ( 328,  0, 10, 13), ( 339,  0,  8, 13), ( 348,  0,  3, 13), ( 352,  0,  9, 13),
   ( 362,  0,  9, 13), ( 372,  0,  8, 13), ( 381,  0, 11, 13), ( 393,  0,  9, 13),
   ( 403,  0, 10, 13), ( 414,  0,  9, 13), ( 424,  0, 11, 13), ( 436,  0,  9, 13),
   ( 446,  0,  9, 13), ( 456,  0,  9, 13), ( 466,  0,  8, 13), ( 475,  0,  9, 13),
   ( 485,  0, 11, 13), ( 497,  0,  8, 13), ( 506,  0,  9, 13), ( 516,  0, 10, 13),
   ( 527,  0,  9, 13), ( 537,  0,  4, 13), ( 542,  0,  8, 13), ( 551,  0,  9, 13),
   ( 561,  0,  8, 13), ( 570,  0,  9, 13), ( 580,  0,  9, 13), ( 590,  0,  7, 13),
   ( 598,  0,  9, 13), ( 608,  0, 10, 13), ( 619,  0,  9, 13), ( 629,  0,  4, 13),
   ( 634,  0,  5, 13), ( 640,  0, 12, 13), ( 653,  0,  8, 13), ( 662,  0,  9, 13),
   ( 672,  0, 13, 13), ( 686,  0,  9, 13), ( 696,  0,  9, 13), ( 706,  0,  6, 13),
   ( 713,  0,  6, 13), ( 720,  0,  6, 13), ( 727,  0,  8, 13), ( 736,  0,  9, 13),
   ( 746,  0,  8, 13), ( 755,  0,  8, 13), ( 764,  0,  6, 13), ( 771,  0, 10, 13),
   ( 782,  0,  6, 13), ( 789,  0, 10, 13), ( 800,  0,  4, 13), ( 805,  0,  3, 13),
   ( 809,  0,  4, 13), ( 814,  0,  6, 13), ( 821,  0,  4, 13), ( 826,  0,  6, 13),
   ( 833,  0,  3, 13), ( 837,  0,  6, 13), ( 844,  0,  9, 13), ( 854,  0,  9, 13));

Define OffsetList
 ( ( 0, 0), ( 0, 0), ( 0, 0), ( 0, 0), ( 0, 0), ( 0, 0), ( 0, 0), ( 0, 0),
   ( 0, 0), ( 0, 0), ( 0, 0), ( 0, 0), ( 0, 0), ( 0, 0), ( 0, 0), ( 1, 0),
   ( 0, 0), ( 0, 0), ( 0, 0), ( 0, 0), ( 0, 0), ( 0, 0), ( 0, 0), ( 0, 0),
   ( 0, 0), ( 0, 0), ( 0, 0), ( 0, 0), ( 0, 0), ( 0, 0), ( 1, 0), ( 0, 0),
   ( 0, 0), ( 0, 0), ( 0, 0), ( 0, 0), ( 0, 0), ( 0, 0), ( 0, 0), ( 0, 0),
   ( 0, 0), ( 0, 0), ( 0, 0), ( 0, 0), ( 0, 0), ( 0, 0), ( 0, 0), ( 0, 0),
   ( 0, 0), ( 0, 0), ( 0, 0), ( 0, 0), ( 0, 0), ( 0, 0), ( 0, 0), ( 0, 0),
   ( 0, 0), ( 0, 0), ( 0, 0), ( 0, 0), ( 0, 0), ( 0, 0), ( 0, 0), ( 0, 0),
   ( 0, 0), ( 0, 0), ( 1, 0), ( 0, 0), ( 0, 0), ( 0, 0), ( 0, 0), ( 0, 0),
   ( 0, 0), ( 0, 0), ( 0, 0), ( 0, 0), ( 0, 0), ( 0, 0), ( 0, 0), ( 0, 0),
   ( 0, 0), ( 0, 0), ( 0, 0), ( 0, 0), ( 0, 0), ( 0, 0), ( 0, 0), ( 0, 0),
   ( 0, 0), ( 0, 0), ( 0, 0), ( 0, 0));

Define KerningPairs
 ("\",","\".","\"/",",\"",",T",",Y",",t",",y","-)","-,","-.","-/","-2","-7","-T","-]",
  ".\"",".9",".T",".V",".Y",".t",".v",".y","/,","/.","//","0,","7,","7.","7/","7a",
  "?,","?-","?.","?/","?J","?j","AT","AV","AW","AY","Av","Aw","Ay","B)","B]","D,",
  "D.","D/","Et","F,","F.","F/","Fa","Fo","G]","K-","Ko","Kv","Ky","L\"","L-","L9",
  "LO","LT","LV","LY","L]","Lt","Ly","O,","O.","P,","P.","P/","PA","Pa","T,","T-",
  "T.","T/","T:","T;","TA","TJ","Ta","Tj","To","Ts","V,","V-","V.","V/","V:","V;",
  "VA","Va","Vo","W,","W.","W;","WA","Wa","We","Wr","Y,","Y-","Y.","Y/","Y:","Y;",
  "YA","YJ","Ya","Yj","Yo","at","av","ay","b)","b]","d,","d.","d/","f\"","f.","ff",
  "k-","ko","l\"","l-","l9","l]","lt","ly","p,","p.","p/","r-","s]","t,","t-","t.",
  "t/","t:","tj","v,","v.","v/","w,","w.","y,","y.","y/");

Define KerningValues (  -4,  -4,  -3,  -4,  -4,  -4,  -4,  -4,  -3,  -5,  -8,  -3,  -2,  -3,  -3,  -4,    -4,  -4,  -4,  -3,  -4,  -4,  -3,  -4,  -3,  -3,  -4,  -1,  -3,  -3,  -3,  -3,    -4,  -4,  -4,  -4,  -4,  -4,  -3,  -2,  -1,  -2,  -2,  -1,  -3,  -3,  -3,  -3,    -3,  -3,  -3,  -4,  -4,  -4,  -2,  -1,  -3,  -3,  -1,  -1,  -1,  -5,  -5,  -4,    -1,  -3,  -2,  -2,  -3,  -3,  -3,  -1,  -1,  -3,  -4,  -3,  -2,  -2,  -3,  -3,    -3,  -3,  -3,  -1,  -2,  -3,  -2,  -3,  -1,  -1,  -3,  -1,  -3,  -3,  -1,  -1,    -2,  -2,  -1,  -1,  -1,  -1,  -1,  -1,   1,   1,  -4,  -2,  -4,  -3,  -1,  -1,    -2,  -3,  -3,  -3,  -1,  -2,  -2,  -3,  -3,  -3,  -3,  -3,  -3,   1,  -3,   1,    -3,  -1,  -5,  -5,  -4,  -3,  -3,  -2,  -3,  -4,  -3,  -1,  -3,  -3,  -3,  -3,    -3,  -3,  -3,  -3,  -3,  -3,  -1,  -1,  -3,  -3,  -3);

CreateLayer               Main;
LayerSetImage             Main 'BlambotPro8';
LayerSetAscent            Main 11;
LayerSetCharWidths        Main CharList WidthList;
LayerSetCharWidths        Main (' ') (5);
LayerSetKerningPairs      Main KerningPairs KerningValues;
LayerSetImageMap          Main CharList RectList;
LayerSetCharOffsets       Main CharList OffsetList;
LayerSetAscentPadding     Main 0;
LayerSetLineSpacingOffset Main 0;
LayerSetPointSize         Main 8;

SetDefaultPointSize  8;
