Define CharList
 ( 'A', 'B', 'C', 'D', 'E', 'F', 'G', 'H', 'I', 'J', 'K', 'L', 'M', 'N', 'O', 'P',
   'Q', 'R', 'S', 'T', 'U', 'V', 'W', 'X', 'Y', 'Z', 'a', 'b', 'c', 'd', 'e', 'f',
   'g', 'h', 'i', 'j', 'k', 'l', 'm', 'n', 'o', 'p', 'q', 'r', 's', 't', 'u', 'v',
   'w', 'x', 'y', 'z', '0', '1', '2', '3', '4', '5', '6', '7', '8', '9', '~', '`',
   '!', '@', '#', '$', '%', '^', '&', '*', '(', ')', '-', '_', '=', '+', '[', '{',
   ']', '}', ';', ':',"'", '"', ',', '<', '.', '>', '/', '?');

Define WidthList
 (  17,  18,  18,  17,  16,  13,  21,  16,  15,  16,  16,  14,  20,  18,  20,  15,
    20,  16,  18,  17,  17,  17,  20,  15,  17,  16,  17,  18,  17,  17,  15,  12,
    19,  16,   6,  17,  16,  14,  20,  18,  19,  16,  19,  16,  17,  17,  15,  17,
    20,  15,  16,  17,  17,   9,  15,  17,  14,  16,  16,  14,  17,  18,  18,   8,
     9,  22,  17,  17,  22,  17,  17,  12,   9,  11,  14,  15,  15,  14,  10,  18,
    13,  16,   7,   6,   8,  11,   8,  10,   7,  10,  15,  16);

Define RectList
 ( (   0,  0, 17, 24), (  18,  0, 17, 24), (  36,  0, 18, 24), (  55,  0, 15, 24),
   (  71,  0, 15, 24), (  87,  0, 13, 24), ( 101,  0, 20, 24), ( 122,  0, 14, 24),
   ( 137,  0, 15, 24), ( 153,  0, 15, 24), ( 169,  0, 16, 24), ( 186,  0, 15, 24),
   ( 202,  0, 19, 24), ( 222,  0, 17, 24), ( 240,  0, 19, 24), ( 260,  0, 15, 24),
   ( 276,  0, 19, 24), ( 296,  0, 15, 24), ( 312,  0, 16, 24), ( 329,  0, 17, 24),
   ( 347,  0, 15, 24), ( 363,  0, 17, 24), ( 381,  0, 19, 24), ( 401,  0, 13, 24),
   ( 415,  0, 16, 24), ( 432,  0, 14, 24), ( 447,  0, 16, 24), ( 464,  0, 18, 24),
   ( 483,  0, 17, 24), ( 501,  0, 16, 24), ( 518,  0, 14, 24), ( 533,  0, 13, 24),
   ( 547,  0, 18, 24), ( 566,  0, 14, 24), ( 581,  0,  4, 24), ( 586,  0, 15, 24),
   ( 602,  0, 16, 24), ( 619,  0, 15, 24), ( 635,  0, 18, 24), ( 654,  0, 16, 24),
   ( 671,  0, 18, 24), ( 690,  0, 15, 24), ( 706,  0, 18, 24), ( 725,  0, 16, 24),
   ( 742,  0, 15, 24), ( 758,  0, 17, 24), ( 776,  0, 14, 24), ( 791,  0, 16, 24),
   ( 808,  0, 18, 24), ( 827,  0, 14, 24), ( 842,  0, 14, 24), ( 857,  0, 16, 24),
   ( 874,  0, 15, 24), ( 890,  0,  7, 24), ( 898,  0, 14, 24), ( 913,  0, 15, 24),
   ( 929,  0, 12, 24), ( 942,  0, 15, 24), ( 958,  0, 15, 24), ( 974,  0, 12, 24),
   ( 987,  0, 15, 24), (1003,  0, 16, 24), (1020,  0, 16, 24), (1037,  0,  6, 24),
   (1044,  0,  8, 24), (1053,  0, 21, 24), (1075,  0, 15, 24), (1091,  0, 16, 24),
   (1108,  0, 22, 24), (1131,  0, 15, 24), (1147,  0, 15, 24), (1163,  0, 10, 24),
   (1174,  0, 10, 24), (1185,  0, 10, 24), (1196,  0, 12, 24), (1209,  0, 16, 24),
   (1226,  0, 14, 24), (1241,  0, 13, 24), (1255,  0, 10, 24), (1266,  0, 18, 24),
   (1285,  0, 11, 24), (1297,  0, 17, 24), (1315,  0,  6, 24), (1322,  0,  4, 24),
   (1327,  0,  6, 24), (1334,  0,  9, 24), (1344,  0,  6, 24), (1351,  0, 10, 24),
   (1362,  0,  4, 24), (1367,  0,  9, 24), (1377,  0, 15, 24), (1393,  0, 16, 24));

Define OffsetList
 ( ( 0, 0), ( 0, 0), ( 0, 0), ( 1, 0), ( 1, 0), ( 0, 0), ( 0, 0), ( 1, 0),
   ( 0, 0), ( 1, 0), ( 0, 0), ( 0, 0), ( 1, 0), ( 1, 0), ( 1, 0), ( 0, 0),
   ( 1, 0), ( 1, 0), ( 1, 0), ( 0, 0), ( 1, 0), ( 0, 0), ( 0, 0), ( 1, 0),
   ( 1, 0), ( 1, 0), ( 1, 0), ( 0, 0), ( 0, 0), ( 0, 0), ( 1, 0), ( 0, 0),
   ( 1, 0), ( 1, 0), ( 1, 0), ( 1, 0), ( 0, 0), ( 0, 0), ( 1, 0), ( 1, 0),
   ( 1, 0), ( 0, 0), ( 1, 0), ( 0, 0), ( 1, 0), ( 0, 0), ( 1, 0), ( 0, 0),
   ( 1, 0), ( 0, 0), ( 1, 0), ( 1, 0), ( 1, 0), ( 1, 0), ( 1, 0), ( 1, 0),
   ( 1, 0), ( 1, 0), ( 1, 0), ( 1, 0), ( 1, 0), ( 1, 0), ( 1, 0), ( 1, 0),
   ( 0, 0), ( 1, 0), ( 1, 0), ( 1, 0), ( 0, 0), ( 1, 0), ( 1, 0), ( 1, 0),
   ( 0, 0), ( 1, 0), ( 1, 0), ( 0, 0), ( 1, 0), ( 0, 0), ( 0, 0), ( 0, 0),
   ( 1, 0), ( 0, 0), ( 1, 0), ( 1, 0), ( 1, 0), ( 1, 0), ( 1, 0), ( 0, 0),
   ( 1, 0), ( 1, 0), ( 0, 0), ( 0, 0));

Define KerningPairs
 ("\",","\".","\"/",",\"",",T",",Y",",t",",y","-)","-,","-.","-/","-2","-7","-T","-]",
  ".\"",".9",".T",".V",".Y",".t",".v",".y","/,","/.","//","0,","0.","7,","7.","7/",
  "7a","?,","?-","?.","?/","?J","?j","AT","AV","AW","AY","Av","Aw","Ay","B)","B]",
  "D,","D.","D/","Et","F,","F.","F/","Fa","Fo","G]","K-","Ko","Kv","Kw","Ky","L\"",
  "L-","L9","LO","LT","LV","LY","L]","Lt","Ly","O,","O.","P,","P.","P/","PA","Pa",
  "Pe","Po","T,","T-","T.","T/","T:","T;","TA","TJ","Ta","Te","Tj","To","Tr","Ts",
  "V,","V-","V.","V/","V:","V;","VA","Va","Ve","Vi","Vo","Vr","W,","W.","W;","WA",
  "Wa","We","Wr","Wv","Y,","Y-","Y.","Y/","Y:","Y;","YA","YJ","Ya","Yj","Yo","at",
  "av","ay","b)","b]","d,","d.","d/","f\"","f.","ff","k-","ko","l\"","l-","l9","l]",
  "lt","ly","p,","p.","p/","r-","rd","re","s]","t,","t-","t.","t/","t:","tj","v,",
  "v.","v/","w,","w.","y,","y.","y/");

Define KerningValues
 (  -8,  -7,  -5,  -8,  -8,  -8,  -8,  -8,  -6, -10, -15,  -5,  -3,  -5,  -6,  -7,
    -6,  -7,  -6,  -6,  -6,  -6,  -6,  -7,  -6,  -6,  -7,  -1,  -1,  -5,  -5,  -6,
    -5,  -8,  -7,  -7,  -7,  -8,  -8,  -5,  -4,  -1,  -4,  -4,  -1,  -5,  -5,  -5,
    -5,  -6,  -6,  -5,  -8,  -8,  -6,  -5,  -2,  -5,  -5,  -2,  -1,  -1,  -2,  -9,
    -9,  -8,  -1,  -5,  -3,  -4,  -6,  -5,  -5,  -2,  -2,  -5,  -6,  -6,  -4,  -3,
     1,  -1,  -5,  -5,  -5,  -5,  -5,  -2,  -4,  -6,  -4,   1,  -6,  -2,   1,  -2,
    -5,  -2,  -5,  -6,  -2,  -2,  -4,  -4,   1,   1,  -2,   1,  -2,  -1,  -1,  -1,
    -1,   1,   1,   1,  -7,  -4,  -6,  -6,  -3,  -3,  -4,  -5,  -5,  -5,  -2,  -4,
    -4,  -5,  -5,  -5,  -5,  -6,  -6,   1,  -6,   3,  -5,  -2,  -9,  -8,  -8,  -6,
    -5,  -4,  -6,  -7,  -6,  -1,   1,   1,  -5,  -5,  -5,  -5,  -5,  -5,  -6,  -5,
    -5,  -5,  -2,  -1,  -5,  -5,  -5);

CreateLayer               Main;
LayerSetImage             Main 'BlambotPro15';
LayerSetAscent            Main 20;
LayerSetCharWidths        Main CharList WidthList;
LayerSetCharWidths        Main (' ') (9);
LayerSetKerningPairs      Main KerningPairs KerningValues;
LayerSetImageMap          Main CharList RectList;
LayerSetCharOffsets       Main CharList OffsetList;
LayerSetAscentPadding     Main 0;
LayerSetLineSpacingOffset Main 0;
LayerSetPointSize         Main 15;

SetDefaultPointSize  15;
