Define CharList
 ( 'A', 'B', 'C', 'D', 'E', 'F', 'G', 'H', 'I', 'J', 'K', 'L', 'M', 'N', 'O', 'P',
   'Q', 'R', 'S', 'T', 'U', 'V', 'W', 'X', 'Y', 'Z', 'a', 'b', 'c', 'd', 'e', 'f',
   'g', 'h', 'i', 'j', 'k', 'l', 'm', 'n', 'o', 'p', 'q', 'r', 's', 't', 'u', 'v',
   'w', 'x', 'y', 'z', '0', '1', '2', '3', '4', '5', '6', '7', '8', '9', '~', '`',
   '!', '@', '#', '$', '%', '^', '&', '*', '(', ')', '-', '_', '=', '+', '[', '{',
   ']', '}', ';', ':',"'", '"', ',', '<', '.', '>', '/', '?', '¡', '¢', '£', '¥',
   '§', '©', '®');

Define WidthList
 (  12,   9,   7,  10,   8,   8,  10,  11,   5,   8,  11,   8,  13,  11,  10,   9,
    11,  10,   7,   9,  12,  12,  16,  11,   9,  10,  10,   8,   7,   9,   7,   7,
     9,   9,   4,   7,   9,   7,  13,  10,  10,   8,  10,   9,   6,   8,  10,  10,
    13,  10,   9,   9,  10,   7,   9,   8,  8,   7,   9,   8,   8,   9,   7,   4,
     4,  9,   12,   7,   7,   7,  11,   6,   4,   4,   3,   6,   6,   6,   4,   4,
     4,   4,   4,   4,   4,   7,   4,   6,   4,   6,   7,   5,   4,   7,   8,  10,
     7,   7,  10);

Define RectList
 ( (   0,  0, 20, 14), (  21,  0, 17, 14), (  39,  0, 15, 14), (  55,  0, 18, 14),
   (  74,  0, 15, 14), (  90,  0, 16, 14), ( 107,  0, 18, 14), ( 126,  0, 18, 14),
   ( 145,  0, 12, 14), ( 158,  0, 16, 14), ( 175,  0, 18, 14), ( 194,  0, 16, 14),
   ( 211,  0, 21, 14), ( 233,  0, 19, 14), ( 253,  0, 18, 14), ( 272,  0, 17, 14),
   ( 290,  0, 18, 14), ( 309,  0, 19, 14), ( 329,  0, 14, 14), ( 344,  0, 18, 14),
   ( 363,  0, 18, 14), ( 382,  0, 19, 14), ( 402,  0, 23, 14), ( 426,  0, 18, 14),
   ( 445,  0, 17, 14), ( 463,  0, 18, 14), ( 482,  0, 19, 14), ( 502,  0, 16, 14),
   ( 519,  0, 14, 14), ( 534,  0, 16, 14), ( 551,  0, 15, 14), ( 567,  0, 15, 14),
   ( 583,  0, 17, 14), ( 601,  0, 16, 14), ( 618,  0, 12, 14), ( 631,  0, 14, 14),
   ( 646,  0, 17, 14), ( 664,  0, 15, 14), ( 680,  0, 20, 14), ( 701,  0, 17, 14),
   ( 719,  0, 17, 14), ( 737,  0, 16, 14), ( 754,  0, 17, 14), ( 772,  0, 17, 14),
   ( 790,  0, 14, 14), ( 805,  0, 16, 14), ( 822,  0, 17, 14), ( 840,  0, 18, 14),
   ( 859,  0, 21, 14), ( 881,  0, 17, 14), ( 899,  0, 16, 14), ( 916,  0, 17, 14),
   ( 934,  0, 18, 14), ( 953,  0, 15, 14), ( 969,  0, 17, 14), ( 987,  0, 14, 14),
   (1002,  0, 19, 14), (1022,  0, 16, 14), (1039,  0, 16, 14), (1056,  0, 16, 14),
   (1073,  0, 17, 14), (1091,  0, 16, 14), (1108,  0, 15, 14), (1124,  0, 12, 14),
   (1137,  0, 12, 14), (1150,  0, 24, 14), (1175,  0, 22, 14), (1198,  0, 14, 14),
   (1213,  0, 16, 14), (1230,  0, 15, 14), (1246,  0, 19, 14), (1266,  0, 11, 14),
   (1278,  0, 12, 14), (1291,  0, 12, 14), (1304,  0, 11, 14), (1316,  0, 16, 14),
   (1333,  0, 15, 14), (1349,  0, 15, 14), (1365,  0, 12, 14), (1378,  0, 12, 14),
   (1391,  0, 12, 14), (1404,  0, 12, 14), (1417,  0, 12, 14), (1430,  0, 12, 14),
   (1443,  0, 12, 14), (1456,  0, 16, 14), (1473,  0, 12, 14), (1486,  0, 14, 14),
   (1501,  0, 12, 14), (1514,  0, 14, 14), (1529,  0, 15, 14), (1545,  0, 13, 14),
   (1559,  0, 14, 14), (1574,  0, 16, 14), (1591,  0, 20, 14), (1612,  0, 21, 14),
   (1634,  0, 16, 14), (1651,  0, 16, 14), (1668,  0, 23, 14));

Define OffsetList
 ( (-4, 0), (-4, 0), (-4, 0), (-4, 0), (-4, 0), (-4, 0), (-4, 0), (-4, 0),
   (-4, 0), (-4, 0), (-4, 0), (-4, 0), (-4, 0), (-5, 0), (-4, 0), (-4, 0),
   (-4, 0), (-5, 0), (-4, 0), (-5, 0), (-4, 0), (-4, 0), (-4, 0), (-4, 0),
   (-4, 0), (-4, 0), (-4, 0), (-4, 0), (-4, 0), (-4, 0), (-4, 0), (-4, 0),
   (-4, 0), (-4, 0), (-4, 0), (-4, 0), (-4, 0), (-4, 0), (-4, 0), (-4, 0),
   (-4, 0), (-4, 0), (-4, 0), (-4, 0), (-4, 0), (-4, 0), (-4, 0), (-4, 0),
   (-4, 0), (-4, 0), (-4, 0), (-4, 0), (-4, 0), (-5, 0), (-4, 0), (-4, 0),
   (-6, 0), (-4, 0), (-4, 0), (-4, 0), (-4, 0), (-4, 0), (-4, 0), (-4, 0),
   (-4, 0), (-6, 0), (-6, 0), (-5, 0), (-5, 0), (-4, 0), (-4, 0), (-4, 0),
   (-4, 0), (-4, 0), (-4, 0), (-5, 0), (-5, 0), (-5, 0), (-4, 0), (-4, 0),
   (-4, 0), (-4, 0), (-4, 0), (-4, 0), (-4, 0), (-4, 0), (-4, 0), (-4, 0),
   (-4, 0), (-4, 0), (-4, 0), (-4, 0), (-5, 0), (-5, 0), (-6, 0), (-6, 0),
   (-5, 0), (-5, 0), (-7, 0));

Define KerningPairs
 ("AC","AG","AO","AQ","AT","AV","AW","AY","Ac","Ag","Aj","Ao","Aq","As","Av","Aw",
  "Ay","BA","BY","CA","DA","DW","DY", "-4");

Define KerningValues (  -1,  -1,  -1,  -1,  -2,  -2,  -2,  -1,  -1,  -1,  -1,  -1,  -1,  -1,  -3,  -2,    -1,  -1,  -1,  -1,  -1,  -1,  -1, 1);

CreateLayer               Main;
LayerSetImage             Main 'JungleFever10outline';
LayerSetAscent            Main 11;
LayerSetCharWidths        Main CharList WidthList;
LayerSetCharWidths        Main (' ') (5);
LayerSetKerningPairs      Main KerningPairs KerningValues;
LayerSetImageMap          Main CharList RectList;
LayerSetCharOffsets       Main CharList OffsetList;
LayerSetAscentPadding     Main 0;
LayerSetLineSpacingOffset Main 0;
LayerSetPointSize         Main 10;

SetDefaultPointSize  10;
