Define CharList
 ( 'A', 'B', 'C', 'D', 'E', 'F', 'G', 'H', 'I', 'J', 'K', 'L', 'M', 'N', 'O', 'P',
   'Q', 'R', 'S', 'T', 'U', 'V', 'W', 'X', 'Y', 'Z', 'a', 'b', 'c', 'd', 'e', 'f',
   'g', 'h', 'i', 'j', 'k', 'l', 'm', 'n', 'o', 'p', 'q', 'r', 's', 't', 'u', 'v',
   'w', 'x', 'y', 'z', '0', '1', '2', '3', '4', '5', '6', '7', '8', '9', '~', '`',
   '!', '@', '#', '$', '%', '^', '&', '*', '(', ')', '-', '_', '=', '+', '[', '{',
   ']', '}', ';', ':',"'", '"', ',', '<', '.', '>', '/', '?');

Define WidthList
 (  18,  14,  11,  16,  12,  13,  16,  16,   7,  13,  16,  12,  21,  17,  16,  14,
    17,  16,  10,  13,  18,  18,  25,  17,  14,  16,  17,  13,  10,  14,  10,  11,
    14,  14,   6,  10,  15,  11,  19,  15,  15,  13,  15,  14,  10,  12,  14,  16,
    20,  15,  13,  14,  16,  10,  14,  10,  16,  11,  13,  13,  13,  13,  11,   7,
     7,  13,  16,   11,  10,  10,  17,   9,   6,   6,   5,   9,   9,   9,   6,   7,
     6,   7,   6,   7,   6,  11,   6,   9,   7,   9,  11,   8);

Define RectList
 ( (   0,  0, 26, 31), (  27,  0, 22, 31), (  50,  0, 19, 31), (  70,  0, 22, 31),
   (  93,  0, 19, 31), ( 113,  0, 20, 31), ( 134,  0, 23, 31), ( 158,  0, 23, 31),
   ( 182,  0, 14, 31), ( 197,  0, 20, 31), ( 218,  0, 23, 31), ( 242,  0, 20, 31),
   ( 263,  0, 28, 31), ( 292,  0, 24, 31), ( 317,  0, 24, 31), ( 342,  0, 22, 31),
   ( 365,  0, 23, 31), ( 389,  0, 24, 31), ( 414,  0, 18, 31), ( 433,  0, 22, 31),
   ( 456,  0, 23, 31), ( 480,  0, 25, 31), ( 506,  0, 31, 31), ( 538,  0, 24, 31),
   ( 563,  0, 22, 31), ( 586,  0, 23, 31), ( 610,  0, 24, 31), ( 635,  0, 20, 31),
   ( 656,  0, 18, 31), ( 675,  0, 21, 31), ( 697,  0, 18, 31), ( 716,  0, 19, 31),
   ( 736,  0, 22, 31), ( 759,  0, 21, 31), ( 781,  0, 14, 31), ( 796,  0, 19, 31),
   ( 816,  0, 22, 31), ( 839,  0, 18, 31), ( 858,  0, 27, 31), ( 886,  0, 22, 31),
   ( 909,  0, 21, 31), ( 931,  0, 21, 31), ( 953,  0, 21, 31), ( 975,  0, 21, 31),
   ( 997,  0, 17, 31), (1015,  0, 21, 31), (1037,  0, 21, 31), (1059,  0, 23, 31),
   (1083,  0, 28, 31), (1112,  0, 22, 31), (1135,  0, 20, 31), (1156,  0, 21, 31),
   (1178,  0, 22, 31), (1201,  0, 18, 31), (1220,  0, 22, 31), (1243,  0, 17, 31),
   (1261,  0, 23, 31), (1285,  0, 19, 31), (1305,  0, 20, 31), (1326,  0, 21, 31),
   (1348,  0, 21, 31), (1370,  0, 21, 31), (1392,  0, 18, 31), (1411,  0, 15, 31),
   (1427,  0, 15, 31), (1443,  0, 32, 31), (1476,  0, 29, 31), (1506,  0, 16, 31),
   (1523,  0, 22, 31), (1546,  0, 19, 31), (1566,  0, 24, 31), (1591,  0, 13, 31),
   (1605,  0, 14, 31), (1620,  0, 14, 31), (1635,  0, 13, 31), (1649,  0, 19, 31),
   (1669,  0, 19, 31), (1689,  0, 18, 31), (1708,  0, 14, 31), (1723,  0, 15, 31),
   (1739,  0, 14, 31), (1754,  0, 15, 31), (1770,  0, 15, 31), (1786,  0, 15, 31),
   (1802,  0, 15, 31), (1818,  0, 20, 31), (1839,  0, 15, 31), (1855,  0, 17, 31),
   (1873,  0, 15, 31), (1889,  0, 17, 31), (1907,  0, 19, 31), (1927,  0, 16, 31));

Define OffsetList
 ( (-4, 0), (-4, 0), (-3, 0), (-4, 0), (-4, 0), (-4, 0), (-4, 0), (-4, 0),
   (-4, 0), (-4, 0), (-4, 0), (-4, 0), (-4, 0), (-4, 0), (-4, 0), (-4, 0),
   (-4, 0), (-5, 0), (-4, 0), (-5, 0), (-4, 0), (-4, 0), (-4, 0), (-4, 0),
   (-4, 0), (-4, 0), (-4, 0), (-4, 0), (-4, 0), (-4, 0), (-4, 0), (-4, 0),
   (-4, 0), (-4, 0), (-4, 0), (-4, 0), (-3, 0), (-3, 0), (-4, 0), (-4, 0),
   (-3, 0), (-4, 0), (-3, 0), (-4, 0), (-4, 0), (-4, 0), (-3, 0), (-4, 0),
   (-4, 0), (-4, 0), (-4, 0), (-4, 0), (-3, 0), (-4, 0), (-4, 0), (-4, 0),
   (-4, 0), (-4, 0), (-3, 0), (-4, 0), (-4, 0), (-4, 0), (-4, 0), (-4, 0),
   (-4, 0), (-7, 0), (-7, 0), (-4, 0), (-6, 0), (-4, 0), (-4, 0), (-4, 0),
   (-4, 0), (-4, 0), (-4, 0), (-5, 0), (-5, 0), (-5, 0), (-4, 0), (-4, 0),
   (-3, 0), (-4, 0), (-4, 0), (-4, 0), (-4, 0), (-4, 0), (-4, 0), (-4, 0),
   (-4, 0), (-4, 0), (-4, 0), (-4, 0));

Define KerningPairs
 ("AC","AG","AO","AQ","AT","AV","AW","AY","Ac","Ag","Aj","Ao","Aq","As","Av","Aw",
  "Ay","BA","BC","BV","BW","BY","CA","DA","DV","DW","DY");

Define KerningValues (  -2,  -2,  -1,  -1,  -2,  -4,  -3,  -2,  -2,  -2,  -1,  -2,  -2,  -1,  -4,  -3,    -2,  -1,  -1,  -1,  -1,  -1,  -1,  -2,  -1,  -1,  -1);

CreateLayer               Main;
LayerSetImage             Main 'JungleFever15outline';
LayerSetAscent            Main 22;
LayerSetCharWidths        Main CharList WidthList;
LayerSetCharWidths        Main (' ') (7);
LayerSetKerningPairs      Main KerningPairs KerningValues;
LayerSetImageMap          Main CharList RectList;
LayerSetCharOffsets       Main CharList OffsetList;
LayerSetAscentPadding     Main 5;
LayerSetLineSpacingOffset Main -5;
LayerSetPointSize         Main 15;

SetDefaultPointSize  15;
