Define CharList
 ( 'A', 'B', 'C', 'D', 'E', 'F', 'G', 'H', 'I', 'J', 'K', 'L', 'M', 'N', 'O', 'P',
   'Q', 'R', 'S', 'T', 'U', 'V', 'W', 'X', 'Y', 'Z', 'a', 'b', 'c', 'd', 'e', 'f',
   'g', 'h', 'i', 'j', 'k', 'l', 'm', 'n', 'o', 'p', 'q', 'r', 's', 't', 'u', 'v',
   'w', 'x', 'y', 'z', '0', '1', '2', '3', '4', '5', '6', '7', '8', '9', '~', '`',
   '!', '@', '#', '$', '%', '^', '&', '*', '(', ')', '-', '_', '=', '+', '[', '{',
   ']', '}', ';', ':',"'", '"', ',', '<', '.', '>', '/', '?');

Define WidthList
 (  14,  11,   9,  12,   9,  10,  13,  14,   5,   9,  13,  10,  16,  15,  13,  12,
    14,  12,   9,  11,  14,  15,  18,  14,  12,  13,  14,  10,   8,  11,   8,   9,
    11,  11,   6,   8,  12,   9,  16,  12,  13,  10,  12,  11,   9,  10,  13,  13,
    17,  12,  11,  11,  13,  10,  11,   8,  13,   9,  11,  10,  10,  11,   8,   5,
     5,  14,  13,   6,   8,   8,  13,   7,   5,   5,   4,   7,   7,   7,   5,   5,
     5,   5,   5,   5,   5,   9,   5,   7,   5,   7,   9,   6);

Define RectList
 ( (   0,  0, 25, 26), (  26,  0, 21, 26), (  48,  0, 19, 26), (  68,  0, 22, 26),
   (  91,  0, 19, 26), ( 111,  0, 20, 26), ( 132,  0, 22, 26), ( 155,  0, 22, 26),
   ( 178,  0, 15, 26), ( 194,  0, 20, 26), ( 215,  0, 22, 26), ( 238,  0, 19, 26),
   ( 258,  0, 26, 26), ( 285,  0, 23, 26), ( 309,  0, 22, 26), ( 332,  0, 21, 26),
   ( 354,  0, 22, 26), ( 377,  0, 23, 26), ( 401,  0, 18, 26), ( 420,  0, 21, 26),
   ( 442,  0, 22, 26), ( 465,  0, 24, 26), ( 490,  0, 28, 26), ( 519,  0, 23, 26),
   ( 543,  0, 21, 26), ( 565,  0, 22, 26), ( 588,  0, 23, 26), ( 612,  0, 20, 26),
   ( 633,  0, 18, 26), ( 652,  0, 20, 26), ( 673,  0, 18, 26), ( 692,  0, 19, 26),
   ( 712,  0, 21, 26), ( 734,  0, 20, 26), ( 755,  0, 15, 26), ( 771,  0, 19, 26),
   ( 791,  0, 21, 26), ( 813,  0, 18, 26), ( 832,  0, 25, 26), ( 858,  0, 21, 26),
   ( 880,  0, 20, 26), ( 901,  0, 20, 26), ( 922,  0, 20, 26), ( 943,  0, 21, 26),
   ( 965,  0, 17, 26), ( 983,  0, 20, 26), (1004,  0, 21, 26), (1026,  0, 22, 26),
   (1049,  0, 26, 26), (1076,  0, 21, 26), (1098,  0, 20, 26), (1119,  0, 21, 26),
   (1141,  0, 21, 26), (1163,  0, 18, 26), (1182,  0, 21, 26), (1204,  0, 17, 26),
   (1222,  0, 22, 26), (1245,  0, 19, 26), (1265,  0, 20, 26), (1286,  0, 20, 26),
   (1307,  0, 21, 26), (1329,  0, 20, 26), (1350,  0, 18, 26), (1369,  0, 15, 26),
   (1385,  0, 15, 26), (1401,  0, 31, 26), (1433,  0, 26, 26), (1460,  0, 17, 26),
   (1478,  0, 22, 26), (1501,  0, 19, 26), (1521,  0, 23, 26), (1545,  0, 14, 26),
   (1560,  0, 15, 26), (1576,  0, 15, 26), (1592,  0, 14, 26), (1607,  0, 19, 26),
   (1627,  0, 19, 26), (1647,  0, 18, 26), (1666,  0, 15, 26), (1682,  0, 16, 26),
   (1699,  0, 15, 26), (1715,  0, 16, 26), (1732,  0, 15, 26), (1748,  0, 15, 26),
   (1764,  0, 15, 26), (1780,  0, 19, 26), (1800,  0, 15, 26), (1816,  0, 17, 26),
   (1834,  0, 15, 26), (1850,  0, 17, 26), (1868,  0, 19, 26), (1888,  0, 16, 26));

Define OffsetList
 ( (-5, 0), (-5, 0), (-5, 0), (-5, 0), (-5, 0), (-5, 0), (-5, 0), (-5, 0),
   (-5, 0), (-5, 0), (-5, 0), (-5, 0), (-5, 0), (-5, 0), (-5, 0), (-5, 0),
   (-5, 0), (-6, 0), (-5, 0), (-5, 0), (-5, 0), (-5, 0), (-5, 0), (-5, 0),
   (-5, 0), (-5, 0), (-5, 0), (-5, 0), (-5, 0), (-5, 0), (-5, 0), (-5, 0),
   (-5, 0), (-5, 0), (-5, 0), (-5, 0), (-4, 0), (-5, 0), (-5, 0), (-4, 0),
   (-4, 0), (-5, 0), (-4, 0), (-5, 0), (-5, 0), (-5, 0), (-5, 0), (-5, 0),
   (-5, 0), (-5, 0), (-5, 0), (-5, 0), (-4, 0), (-5, 0), (-5, 0), (-5, 0),
   (-4, 0), (-5, 0), (-4, 0), (-5, 0), (-5, 0), (-5, 0), (-5, 0), (-5, 0),
   (-5, 0), (-8, 0), (-7, 0), (-5, 0), (-7, 0), (-5, 0), (-5, 0), (-5, 0),
   (-5, 0), (-5, 0), (-5, 0), (-6, 0), (-6, 0), (-6, 0), (-5, 0), (-5, 0),
   (-5, 0), (-6, 0), (-5, 0), (-5, 0), (-5, 0), (-5, 0), (-5, 0), (-5, 0),
   (-5, 0), (-5, 0), (-5, 0), (-5, 0));

Define KerningPairs
 ("AC","AG","AO","AQ","AT","AV","AW","AY","Ac","Ag","Aj","Ao","Aq","As","Av","Aw",
  "Ay","BA","BV","BW","BY","CA","DA","DV","DW","DY");

Define KerningValues (  -2,  -2,  -1,  -1,  -2,  -3,  -2,  -2,  -2,  -2,  -1,  -1,  -2,  -1,  -3,  -3,    -2,  -1,  -1,  -1,  -1,  -1,  -1,  -1,  -1,  -1);

CreateLayer               Main;
LayerSetImage             Main 'JungleFever12outline';
LayerSetAscent            Main 18;
LayerSetCharWidths        Main CharList WidthList;
LayerSetCharWidths        Main (' ') (6);
LayerSetKerningPairs      Main KerningPairs KerningValues;
LayerSetImageMap          Main CharList RectList;
LayerSetCharOffsets       Main CharList OffsetList;
LayerSetAscentPadding     Main 5;
LayerSetLineSpacingOffset Main -5;
LayerSetPointSize         Main 12;

SetDefaultPointSize  12;
