Define CharList
 ( 'A', 'B', 'C', 'D', 'E', 'F', 'G', 'H', 'I', 'J', 'K', 'L', 'M', 'N', 'O', 'P',
   'Q', 'R', 'S', 'T', 'U', 'V', 'W', 'X', 'Y', 'Z', 'a', 'b', 'c', 'd', 'e', 'f',
   'g', 'h', 'i', 'j', 'k', 'l', 'm', 'n', 'o', 'p', 'q', 'r', 's', 't', 'u', 'v',
   'w', 'x', 'y', 'z', '0', '1', '2', '3', '4', '5', '6', '7', '8', '9', '~', '`',
   '!', '@', '#', '$', '%', '^', '&', '*', '(', ')', '-', '_', '=', '+', '[', '{',
   ']', '}', ';', ':',"'", '"', ',', '<', '.', '>', '/', '?');

Define WidthList
 (  20,  16,  13,  17,  14,  15,  18,  18,   7,  14,  19,  14,  23,  19,  18,  17,
    19,  18,  12,  16,  19,  21,  28,  20,  15,  18,  18,  15,  12,  16,  12,  13,
    16,  16,   7,  12,  17,  12,  22,  18,  17,  15,  17,  16,  10,  14,  16,  18,
    25,  17,  15,  16,  18,  12,  16,  11,  18,  12,  15,  15,  14,  15,  12,   8,
     8,  20,  18,   9,  12,  12,  19,  10,   7,   7,   6,  11,  10,  10,   7,   8,
     7,   8,   7,   8,   7,  13,   7,  10,   8,  10,  17,   9);

Define RectList
 ( (   0,  0, 29, 34), (  30,  0, 24, 34), (  55,  0, 20, 34), (  76,  0, 25, 34),
   ( 102,  0, 21, 34), ( 124,  0, 22, 34), ( 147,  0, 25, 34), ( 173,  0, 25, 34),
   ( 199,  0, 15, 34), ( 215,  0, 22, 34), ( 238,  0, 26, 34), ( 265,  0, 21, 34),
   ( 287,  0, 31, 34), ( 319,  0, 26, 34), ( 346,  0, 26, 34), ( 373,  0, 24, 34),
   ( 398,  0, 26, 34), ( 425,  0, 26, 34), ( 452,  0, 19, 34), ( 472,  0, 23, 34),
   ( 496,  0, 25, 34), ( 522,  0, 27, 34), ( 550,  0, 34, 34), ( 585,  0, 26, 34),
   ( 612,  0, 24, 34), ( 637,  0, 25, 34), ( 663,  0, 26, 34), ( 690,  0, 22, 34),
   ( 713,  0, 19, 34), ( 733,  0, 23, 34), ( 757,  0, 19, 34), ( 777,  0, 20, 34),
   ( 798,  0, 24, 34), ( 823,  0, 23, 34), ( 847,  0, 14, 34), ( 862,  0, 20, 34),
   ( 883,  0, 24, 34), ( 908,  0, 20, 34), ( 929,  0, 29, 34), ( 959,  0, 24, 34),
   ( 984,  0, 23, 34), (1008,  0, 22, 34), (1031,  0, 23, 34), (1055,  0, 23, 34),
   (1079,  0, 18, 34), (1098,  0, 22, 34), (1121,  0, 23, 34), (1145,  0, 25, 34),
   (1171,  0, 31, 34), (1203,  0, 24, 34), (1228,  0, 22, 34), (1251,  0, 23, 34),
   (1275,  0, 25, 34), (1301,  0, 19, 34), (1321,  0, 24, 34), (1346,  0, 18, 34),
   (1365,  0, 26, 34), (1392,  0, 20, 34), (1413,  0, 22, 34), (1436,  0, 23, 34),
   (1460,  0, 23, 34), (1484,  0, 22, 34), (1507,  0, 20, 34), (1528,  0, 16, 34),
   (1545,  0, 16, 34), (1562,  0, 37, 34), (1600,  0, 31, 34), (1632,  0, 18, 34),
   (1651,  0, 23, 34), (1675,  0, 20, 34), (1696,  0, 27, 34), (1724,  0, 14, 34),
   (1739,  0, 15, 34), (1755,  0, 15, 34), (1771,  0, 14, 34), (1786,  0, 21, 34),
   (1808,  0, 20, 34), (1829,  0, 19, 34), (1849,  0, 15, 34), (1865,  0, 16, 34),
   (1882,  0, 15, 34), (1898,  0, 16, 34), (1915,  0, 16, 34), (1932,  0, 16, 34),
   (1949,  0, 15, 34), (1965,  0, 21, 34), (1987,  0, 15, 34), (2003,  0, 18, 34),
   (2022,  0, 16, 34), (2039,  0, 18, 34), (2058,  0, 20, 34), (2079,  0, 17, 34));

Define OffsetList
 ( (-4, 0), (-4, 0), (-3, 0), (-4, 0), (-4, 0), (-4, 0), (-4, 0), (-4, 0),
   (-4, 0), (-5, 0), (-4, 0), (-4, 0), (-4, 0), (-4, 0), (-4, 0), (-4, 0),
   (-4, 0), (-5, 0), (-4, 0), (-4, 0), (-4, 0), (-4, 0), (-4, 0), (-4, 0),
   (-4, 0), (-4, 0), (-4, 0), (-4, 0), (-3, 0), (-4, 0), (-4, 0), (-4, 0),
   (-4, 0), (-4, 0), (-4, 0), (-4, 0), (-3, 0), (-3, 0), (-3, 0), (-3, 0),
   (-3, 0), (-4, 0), (-3, 0), (-4, 0), (-4, 0), (-4, 0), (-3, 0), (-4, 0),
   (-4, 0), (-4, 0), (-4, 0), (-4, 0), (-3, 0), (-4, 0), (-4, 0), (-3, 0),
   (-4, 0), (-4, 0), (-3, 0), (-4, 0), (-4, 0), (-3, 0), (-4, 0), (-4, 0),
   (-4, 0), (-8, 0), (-7, 0), (-4, 0), (-6, 0), (-4, 0), (-4, 0), (-4, 0),
   (-4, 0), (-4, 0), (-4, 0), (-5, 0), (-5, 0), (-4, 0), (-4, 0), (-4, 0),
   (-3, 0), (-4, 0), (-4, 0), (-4, 0), (-4, 0), (-4, 0), (-4, 0), (-4, 0),
   (-4, 0), (-4, 0), (-4, 0), (-4, 0));

Define KerningPairs
 ("AC","AG","AO","AQ","AT","AV","AW","AY","Ac","Ag","Aj","Ao","Aq","As","Av","Aw",
  "Ay","BA","BC","BG","BV","BW","BY","CA","CY","DA","DV","DW","DY");

Define KerningValues (  -2,  -2,  -2,  -1,  -3,  -4,  -3,  -2,  -2,  -3,  -2,  -2,  -2,  -1,  -5,  -4,    -2,  -1,  -1,  -1,  -1,  -1,  -1,  -1,  -1,  -2,  -1,  -1,  -2);

CreateLayer               Main;
LayerSetImage             Main 'JungleFever17outline';
LayerSetAscent            Main 24;
LayerSetCharWidths        Main CharList WidthList;
LayerSetCharWidths        Main (' ') (8);
LayerSetKerningPairs      Main KerningPairs KerningValues;
LayerSetImageMap          Main CharList RectList;
LayerSetCharOffsets       Main CharList OffsetList;
LayerSetAscentPadding     Main 5;
LayerSetLineSpacingOffset Main -5;
LayerSetPointSize         Main 17;

SetDefaultPointSize  17;
