Define CharList
 ( 'A', 'B', 'C', 'D', 'E', 'F', 'G', 'H', 'I', 'J', 'K', 'L', 'M', 'N', 'O', 'P',
   'Q', 'R', 'S', 'T', 'U', 'V', 'W', 'X', 'Y', 'Z', 'a', 'b', 'c', 'd', 'e', 'f',
   'g', 'h', 'i', 'j', 'k', 'l', 'm', 'n', 'o', 'p', 'q', 'r', 's', 't', 'u', 'v',
   'w', 'x', 'y', 'z', '0', '1', '2', '3', '4', '5', '6', '7', '8', '9', '~', '`',
   '!', '@', '#', '$', '%', '^', '&', '*', '(', ')', '-', '_', '=', '+', '[', '{',
   ']', '}', ';', ':',"'", '"', ',', '<', '.', '>', '/', '?', '¡', '¢', '£', '¥',
   '§', '©', '®', '¿', 'À', 'Á', 'Â', 'Ã', 'Ä', 'Å', 'Æ', 'Ç', 'È', 'É', 'Ê', 'Ë',
   'Ì', 'Í', 'Î', 'Ï', 'Ð', 'Ñ', 'Ò', 'Ó', 'Ô', 'Õ', 'Ö', 'Ø', 'Ù', 'Ú', 'Û', 'Ü',
   'Ý', 'ß', 'à', 'á', 'â', 'ã', 'ä', 'å', 'æ', 'ç', 'è', 'é', 'ê', 'ë', 'ì', 'í',
   'î', 'ï', 'ð', 'ñ', 'ò', 'ó', 'ô', 'õ', 'ö', 'ø', 'ù', 'ú', 'û', 'ü', 'ý', 'ÿ');

Define WidthList
 (  19,  15,  15,  19,  13,  13,  17,  22,   9,  10,  17,  13,  26,  21,  20,  14,
    20,  16,  12,  15,  20,  17,  25,  18,  16,  16,  19,  15,  15,  19,  13,  13,
    17,  22,   9,  10,  17,  13,  26,  21,  20,  14,  20,  16,  12,  15,  20,  17,
    25,  18,  16,  16,  16,  16,  16,  16,  16,  16,  16,  16,  16,  16,   9,  20,
     7,  17,  16,  12,  22,  10,   16,   8,   7,   7,   8,  12,   8,   7,   8,   8,
     8,   8,   6,   6,   4,   5,   6,   6,   6,   6,  12,  10,   7,  12,  13,  14,
    11,  20,  20,  10,  19,  19,  19,  19,  19,  19,  19,  15,  13,  13,  13,  13,
     9,   9,   9,   9,  19,  21,  20,  20,  20,  20,  20,  20,  20,  20,  20,  20,
    16,  15,  19,  19,  19,  19,  19,  19,  19,  15,  13,  13,  13,  13,   9,   9,
     9,   9,  16,  21,  20,  20,  20,  20,  20,  20,  20,  20,  20,  20,  16,  16);

Define RectList
 ( (   0,  0, 18, 26), (  19,  0, 10, 26), (  30,  0, 14, 26), (  45,  0, 15, 26),
   (  61,  0,  8, 26), (  70,  0,  8, 26), (  79,  0, 14, 26), (  94,  0, 15, 26),
   ( 110,  0,  3, 26), ( 114,  0,  7, 26), ( 122,  0, 12, 26), ( 135,  0,  8, 26),
   ( 144,  0, 24, 26), ( 169,  0, 16, 26), ( 186,  0, 17, 26), ( 204,  0, 10, 26),
   ( 215,  0, 18, 26), ( 234,  0, 12, 26), ( 247,  0,  8, 26), ( 256,  0, 15, 26),
   ( 272,  0, 15, 26), ( 288,  0, 17, 26), ( 306,  0, 24, 26), ( 331,  0, 15, 26),
   ( 347,  0, 16, 26), ( 364,  0, 14, 26), ( 379,  0, 18, 26), ( 398,  0, 10, 26),
   ( 409,  0, 14, 26), ( 424,  0, 15, 26), ( 440,  0,  8, 26), ( 449,  0,  8, 26),
   ( 458,  0, 14, 26), ( 473,  0, 15, 26), ( 489,  0,  3, 26), ( 493,  0,  6, 26),
   ( 500,  0, 12, 26), ( 513,  0,  8, 26), ( 522,  0, 24, 26), ( 547,  0, 16, 26),
   ( 564,  0, 17, 26), ( 582,  0, 10, 26), ( 593,  0, 18, 26), ( 612,  0, 12, 26),
   ( 625,  0,  8, 26), ( 634,  0, 15, 26), ( 650,  0, 15, 26), ( 666,  0, 17, 26),
   ( 684,  0, 24, 26), ( 709,  0, 15, 26), ( 725,  0, 16, 26), ( 742,  0, 14, 26),
   ( 757,  0, 15, 26), ( 773,  0,  6, 26), ( 780,  0, 12, 26), ( 793,  0,  9, 26),
   ( 803,  0, 13, 26), ( 817,  0,  9, 26), ( 827,  0, 10, 26), ( 838,  0, 11, 26),
   ( 850,  0, 11, 26), ( 862,  0, 10, 26), ( 873,  0,  8, 26), ( 882,  0,  4, 26),
   ( 887,  0,  3, 26), ( 891,  0, 15, 26), ( 907,  0, 16, 26), ( 924,  0,  8, 26),
   ( 933,  0, 20, 26), ( 954,  0,  8, 26), ( 963,  0, 14, 26), ( 978,  0,  7, 26),
   ( 986,  0,  6, 26), ( 993,  0,  6, 26), (1000,  0,  7, 26), (1008,  0, 12, 26),
   (1021,  0,  7, 26), (1029,  0,  7, 26), (1037,  0,  6, 26), (1044,  0,  7, 26),
   (1052,  0,  6, 26), (1059,  0,  7, 26), (1067,  0,  3, 26), (1071,  0,  2, 26),
   (1074,  0,  3, 26), (1078,  0,  5, 26), (1084,  0,  4, 26), (1089,  0,  5, 26),
   (1095,  0,  2, 26), (1098,  0,  5, 26), (1104,  0, 12, 26), (1117,  0,  8, 26),
   (1126,  0,  3, 26), (1130,  0,  9, 26), (1140,  0, 11, 26), (1152,  0, 14, 26),
   (1167,  0, 10, 26), (1178,  0, 17, 26), (1196,  0, 17, 26), (1214,  0,  8, 26),
   (1223,  0, 18, 26), (1242,  0, 18, 26), (1261,  0, 18, 26), (1280,  0, 18, 26),
   (1299,  0, 18, 26), (1318,  0, 18, 26), (1337,  0, 18, 26), (1356,  0, 14, 26),
   (1371,  0,  8, 26), (1380,  0,  8, 26), (1389,  0,  8, 26), (1398,  0,  8, 26),
   (1407,  0,  5, 26), (1413,  0,  5, 26), (1419,  0,  7, 26), (1427,  0,  8, 26),
   (1436,  0, 18, 26), (1455,  0, 16, 26), (1472,  0, 17, 26), (1490,  0, 17, 26),
   (1508,  0, 17, 26), (1526,  0, 17, 26), (1544,  0, 17, 26), (1562,  0, 17, 26),
   (1580,  0, 15, 26), (1596,  0, 15, 26), (1612,  0, 15, 26), (1628,  0, 15, 26),
   (1644,  0, 16, 26), (1661,  0, 13, 26), (1675,  0, 18, 26), (1694,  0, 18, 26),
   (1713,  0, 18, 26), (1732,  0, 18, 26), (1751,  0, 18, 26), (1770,  0, 18, 26),
   (1789,  0, 18, 26), (1808,  0, 14, 26), (1823,  0,  8, 26), (1832,  0,  8, 26),
   (1841,  0,  8, 26), (1850,  0,  8, 26), (1859,  0,  5, 26), (1865,  0,  7, 26),
   (1873,  0,  6, 26), (1880,  0,  8, 26), (1889,  0, 10, 26), (1900,  0, 16, 26),
   (1917,  0, 17, 26), (1935,  0, 17, 26), (1953,  0, 17, 26), (1971,  0, 17, 26),
   (1989,  0, 17, 26), (2007,  0, 17, 26), (2025,  0, 15, 26), (2041,  0, 15, 26),
   (2057,  0, 15, 26), (2073,  0, 15, 26), (2089,  0, 22, 26), (2112,  0, 16, 26));

Define OffsetList
 ( ( 0, 0), ( 2, 0), ( 1, 0), ( 3, 0), ( 3, 0), ( 3, 0), ( 1, 0), ( 3, 0),
   ( 3, 0), ( 2, 0), ( 3, 0), ( 3, 0), ( 1, 0), ( 2, 0), ( 1, 0), ( 3, 0),
   ( 1, 0), ( 3, 0), ( 2, 0), ( 0, 0), ( 2, 0), ( 0, 0), ( 1, 0), ( 1, 0),
   ( 0, 0), ( 1, 0), ( 0, 0), ( 2, 0), ( 1, 0), ( 3, 0), ( 3, 0), ( 3, 0),
   ( 1, 0), ( 3, 0), ( 3, 0), ( 2, 0), ( 3, 0), ( 3, 0), ( 1, 0), ( 2, 0),
   ( 1, 0), ( 3, 0), ( 1, 0), ( 3, 0), ( 2, 0), ( 0, 0), ( 2, 0), ( 0, 0),
   ( 1, 0), ( 1, 0), ( 0, 0), ( 1, 0), ( 0, 0), ( 4, 0), ( 2, 0), ( 4, 0),
   ( 1, 0), ( 3, 0), ( 3, 0), ( 3, 0), ( 2, 0), ( 3, 0), ( 0, 0), ( 8, 0),
   ( 2, 0), ( 1, 0), ( 0, 0), ( 2, 0), ( 1, 0), ( 1, 0), ( 0, 0), ( 0, 0),
   ( 1, 0), ( 0, 0), ( 0, 0), ( 0, 0), ( 1, 0), ( 1, 0), ( 2, 0), ( 0, 0),
   ( 1, 0), ( 1, 0), ( 1, 0), ( 2, 0), ( 0, 0), ( 0, 0), ( 1, 0), ( 0, 0),
   ( 2, 0), ( 0, 0), ( 0, 0), ( 1, 0), ( 2, 0), ( 1, 0), ( 1, 0), ( 0, 0),
   ( 0, 0), ( 1, 0), ( 1, 0), ( 1, 0), ( 0, 0), ( 0, 0), ( 0, 0), ( 0, 0),
   ( 0, 0), ( 0, 0), ( 0, 0), ( 1, 0), ( 3, 0), ( 3, 0), ( 3, 0), ( 3, 0),
   ( 1, 0), ( 3, 0), ( 1, 0), ( 1, 0), ( 0, 0), ( 2, 0), ( 1, 0), ( 1, 0),
   ( 1, 0), ( 1, 0), ( 1, 0), ( 1, 0), ( 2, 0), ( 2, 0), ( 2, 0), ( 2, 0),
   ( 0, 0), ( 1, 0), ( 0, 0), ( 0, 0), ( 0, 0), ( 0, 0), ( 0, 0), ( 0, 0),
   ( 0, 0), ( 1, 0), ( 3, 0), ( 3, 0), ( 3, 0), ( 3, 0), ( 2, 0), ( 2, 0),
   ( 1, 0), ( 0, 0), ( 3, 0), ( 2, 0), ( 1, 0), ( 1, 0), ( 1, 0), ( 1, 0),
   ( 1, 0), ( 1, 0), ( 2, 0), ( 2, 0), ( 2, 0), ( 2, 0), (-3, 0), ( 0, 0));

Define KerningPairs
 ("AT","AV","AW","AY","Ai","Av","Aw","Ay","F,","F.","FA","LT","LV","LW","LY","Ly",
  "P,","P.","PA","Ry","T,","T-","T.","T:","T;","TA","Ta","Tc","Te","Ti","To","Tr",
  "Ts","Tu","Ty","V,","V-","V.","V:","V;","VA","Va","Ve","Vo","Vr","Vu","Vy","W,",
  "W.","W:","W;","WA","Wa","We","Wo","Wr","Wu","Y-","Y.","Y:","YA","Ya","Ye","Yo",
  "Yp","Yq","Yu","Yv","ei","ia","ii","oi","r,","r.","ri","si","ui","v,","v.","va",
  "w,","w.","wa","wi","y.","ÀT","ÀV","ÀW","ÀY","Àv","Àw","Ày","ÁT","ÁV","ÁW","ÁY",
  "Áv","Áw","Áy","ÂT","ÂV","ÂW","ÂY","Âv","Âw","Ây","ÃT","ÃV","ÃW","ÃY","Ãv","Ãw",
  "Ãy","ÄT","ÄV","ÄW","ÄY","Äv","Äw","Äy","ÅT","ÅV","ÅW","ÅY","Åv","Åw","Åy","ÿ.");

Define KerningValues (  -4,  -4,  -5,  -4,  -1,  -5,  -4,  -4,  -5,  -5,  -3,  -5,  -4,  -5,  -4,  -4,    -5,  -5,  -4,  -2,  -3,  -3,  -3,  -3,  -3,  -4,  -4,  -3,  -2,  -1,  -2,  -2,    -2,  -1,   1,  -4,  -2,  -4,  -2,  -2,  -5,  -4,  -2,  -2,  -1,  -1,   1,  -2,    -2,  -1,  -1,  -4,  -4,  -2,  -2,  -1,  -1,  -2,  -3,  -3,  -4,  -4,  -1,  -2,    -1,  -1,  -1,   1,  -3,  -1,  -2,  -1,  -1,  -1,  -1,  -2,  -2,  -3,  -3,  -4,    -3,  -2,  -4,  -1,  -4,  -5,  -5,  -4,  -5,  -4,  -4,  -4,  -5,  -5,  -4,  -4,    -4,  -4,  -4,  -5,  -4,  -4,  -4,  -4,  -4,  -4,  -5,  -4,  -4,  -4,  -4,  -4,    -4,  -4,  -4,  -4,  -4,  -4,  -4,  -4,  -5,  -5,  -5,  -4,  -4,  -4,  -4,  -3);

CreateLayer               Main;
LayerSetImage             Main 'Liddie18';
LayerSetAscent            Main 22;
LayerSetCharWidths        Main CharList WidthList;
LayerSetCharWidths        Main (' ') (7);
LayerSetKerningPairs      Main KerningPairs KerningValues;
LayerSetImageMap          Main CharList RectList;
LayerSetCharOffsets       Main CharList OffsetList;
LayerSetAscentPadding     Main 0;
LayerSetLineSpacingOffset Main 0;
LayerSetPointSize         Main 18;

SetDefaultPointSize  18;
