Define CharList
 ( 'A', 'B', 'C', 'D', 'E', 'F', 'G', 'H', 'I', 'J', 'K', 'L', 'M', 'N', 'O', 'P',
   'Q', 'R', 'S', 'T', 'U', 'V', 'W', 'X', 'Y', 'Z', 'a', 'b', 'c', 'd', 'e', 'f',
   'g', 'h', 'i', 'j', 'k', 'l', 'm', 'n', 'o', 'p', 'q', 'r', 's', 't', 'u', 'v',
   'w', 'x', 'y', 'z', '0', '1', '2', '3', '4', '5', '6', '7', '8', '9', '~', '`',
   '!', '@', '#', '$', '%', '^', '&', '*', '(', ')', '-', '_', '=', '+', '[', '{',
   ']', '}', ';', ':',"'", '"', ',', '<', '.', '>', '/', '?', '¡', '¢', '£', '¥',
   '§', '©', '®', '¿', 'À', 'Á', 'Â', 'Ã', 'Ä', 'Å', 'Æ', 'Ç', 'È', 'É', 'Ê', 'Ë',
   'Ì', 'Í', 'Î', 'Ï', 'Ð', 'Ñ', 'Ò', 'Ó', 'Ô', 'Õ', 'Ö', 'Ø', 'Ù', 'Ú', 'Û', 'Ü',
   'Ý', 'ß', 'à', 'á', 'â', 'ã', 'ä', 'å', 'æ', 'ç', 'è', 'é', 'ê', 'ë', 'ì', 'í',
   'î', 'ï', 'ð', 'ñ', 'ò', 'ó', 'ô', 'õ', 'ö', 'ø', 'ù', 'ú', 'û', 'ü', 'ý', 'ÿ');

Define WidthList
 (  12,  10,  10,  13,   9,   8,  11,  14,   6,   6,  11,   8,  17,  14,  13,   9,
    13,  11,   8,  10,  13,  11,  16,  12,  10,  11,  12,  10,  10,  13,   9,   8,
    11,  14,   6,   6,  11,   8,  17,  14,  13,   9,  13,  11,   8,  10,  13,  11,
    16,  12,  10,  11,  10,  10,  10,  10,  10,  10,  10,  10,  10,  10,   6,  13,
     4,  11,  11,   8,  14,   6,   10,   5,   4,   4,   5,   8,   5,   4,   5,   5,
     5,   5,   4,   4,   2,   3,   4,   3,   4,   4,   7,   6,   4,   8,   8,   9,
     7,  13,  13,   6,  12,  12,  12,  12,  12,  12,  12,  10,   9,   9,   9,   9,
     6,   6,   6,   6,  13,  14,  13,  13,  13,  13,  13,  13,  13,  13,  13,  13,
    10,  10,  12,  12,  12,  12,  12,  12,  12,  10,   9,   9,   9,   9,   6,   6,
     6,   6,  10,  14,  13,  13,  13,  13,  13,  13,  13,  13,  13,  13,  10,  10);

Define RectList
 ( (   0,  0, 12, 18), (  13,  0,  7, 18), (  21,  0,  9, 18), (  31,  0, 10, 18),
   (  42,  0,  6, 18), (  49,  0,  5, 18), (  55,  0, 10, 18), (  66,  0, 10, 18),
   (  77,  0,  2, 18), (  80,  0,  4, 18), (  85,  0,  9, 18), (  95,  0,  6, 18),
   ( 102,  0, 17, 18), ( 120,  0, 11, 18), ( 132,  0, 12, 18), ( 145,  0,  7, 18),
   ( 153,  0, 12, 18), ( 166,  0,  8, 18), ( 175,  0,  6, 18), ( 182,  0, 11, 18),
   ( 194,  0, 11, 18), ( 206,  0, 12, 18), ( 219,  0, 17, 18), ( 237,  0, 11, 18),
   ( 249,  0, 11, 18), ( 261,  0, 10, 18), ( 272,  0, 12, 18), ( 285,  0,  7, 18),
   ( 293,  0,  9, 18), ( 303,  0, 10, 18), ( 314,  0,  6, 18), ( 321,  0,  5, 18),
   ( 327,  0, 10, 18), ( 338,  0, 10, 18), ( 349,  0,  2, 18), ( 352,  0,  4, 18),
   ( 357,  0,  9, 18), ( 367,  0,  6, 18), ( 374,  0, 17, 18), ( 392,  0, 11, 18),
   ( 404,  0, 12, 18), ( 417,  0,  7, 18), ( 425,  0, 12, 18), ( 438,  0,  8, 18),
   ( 447,  0,  6, 18), ( 454,  0, 11, 18), ( 466,  0, 11, 18), ( 478,  0, 12, 18),
   ( 491,  0, 17, 18), ( 509,  0, 11, 18), ( 521,  0, 11, 18), ( 533,  0, 10, 18),
   ( 544,  0, 11, 18), ( 556,  0,  5, 18), ( 562,  0,  9, 18), ( 572,  0,  7, 18),
   ( 580,  0,  9, 18), ( 590,  0,  7, 18), ( 598,  0,  7, 18), ( 606,  0,  8, 18),
   ( 615,  0,  8, 18), ( 624,  0,  8, 18), ( 633,  0,  6, 18), ( 640,  0,  3, 18),
   ( 644,  0,  3, 18), ( 648,  0, 11, 18), ( 660,  0, 11, 18), ( 672,  0,  6, 18),
   ( 679,  0, 14, 18), ( 694,  0,  6, 18), ( 701,  0, 10, 18), ( 712,  0,  5, 18),
   ( 718,  0,  5, 18), ( 724,  0,  4, 18), ( 729,  0,  6, 18), ( 736,  0,  8, 18),
   ( 745,  0,  5, 18), ( 751,  0,  5, 18), ( 757,  0,  4, 18), ( 762,  0,  5, 18),
   ( 768,  0,  4, 18), ( 773,  0,  5, 18), ( 779,  0,  2, 18), ( 782,  0,  2, 18),
   ( 785,  0,  2, 18), ( 788,  0,  3, 18), ( 792,  0,  3, 18), ( 796,  0,  4, 18),
   ( 801,  0,  2, 18), ( 804,  0,  4, 18), ( 809,  0,  8, 18), ( 818,  0,  6, 18),
   ( 825,  0,  3, 18), ( 829,  0,  6, 18), ( 836,  0,  8, 18), ( 845,  0,  9, 18),
   ( 855,  0,  7, 18), ( 863,  0, 12, 18), ( 876,  0, 12, 18), ( 889,  0,  6, 18),
   ( 896,  0, 12, 18), ( 909,  0, 12, 18), ( 922,  0, 12, 18), ( 935,  0, 12, 18),
   ( 948,  0, 12, 18), ( 961,  0, 12, 18), ( 974,  0, 13, 18), ( 988,  0,  9, 18),
   ( 998,  0,  6, 18), (1005,  0,  6, 18), (1012,  0,  6, 18), (1019,  0,  6, 18),
   (1026,  0,  4, 18), (1031,  0,  4, 18), (1036,  0,  5, 18), (1042,  0,  6, 18),
   (1049,  0, 12, 18), (1062,  0, 11, 18), (1074,  0, 12, 18), (1087,  0, 12, 18),
   (1100,  0, 12, 18), (1113,  0, 12, 18), (1126,  0, 12, 18), (1139,  0, 12, 18),
   (1152,  0, 11, 18), (1164,  0, 11, 18), (1176,  0, 11, 18), (1188,  0, 11, 18),
   (1200,  0, 11, 18), (1212,  0,  9, 18), (1222,  0, 12, 18), (1235,  0, 12, 18),
   (1248,  0, 12, 18), (1261,  0, 12, 18), (1274,  0, 12, 18), (1287,  0, 12, 18),
   (1300,  0, 13, 18), (1314,  0,  9, 18), (1324,  0,  6, 18), (1331,  0,  6, 18),
   (1338,  0,  6, 18), (1345,  0,  6, 18), (1352,  0,  4, 18), (1357,  0,  5, 18),
   (1363,  0,  4, 18), (1368,  0,  6, 18), (1375,  0,  7, 18), (1383,  0, 11, 18),
   (1395,  0, 12, 18), (1408,  0, 12, 18), (1421,  0, 12, 18), (1434,  0, 12, 18),
   (1447,  0, 12, 18), (1460,  0, 12, 18), (1473,  0, 11, 18), (1485,  0, 11, 18),
   (1497,  0, 11, 18), (1509,  0, 11, 18), (1521,  0, 15, 18), (1537,  0, 11, 18));

Define OffsetList
 ( ( 0, 0), ( 1, 0), ( 1, 0), ( 2, 0), ( 2, 0), ( 2, 0), ( 1, 0), ( 2, 0),
   ( 2, 0), ( 1, 0), ( 2, 0), ( 2, 0), ( 0, 0), ( 2, 0), ( 1, 0), ( 2, 0),
   ( 1, 0), ( 2, 0), ( 1, 0), ( 0, 0), ( 1, 0), ( 0, 0), ( 0, 0), ( 1, 0),
   ( 0, 0), ( 0, 0), ( 0, 0), ( 1, 0), ( 1, 0), ( 2, 0), ( 2, 0), ( 2, 0),
   ( 1, 0), ( 2, 0), ( 2, 0), ( 1, 0), ( 2, 0), ( 2, 0), ( 0, 0), ( 2, 0),
   ( 1, 0), ( 2, 0), ( 1, 0), ( 2, 0), ( 1, 0), ( 0, 0), ( 1, 0), ( 0, 0),
   ( 0, 0), ( 1, 0), ( 0, 0), ( 0, 0), ( 0, 0), ( 2, 0), ( 1, 0), ( 2, 0),
   ( 1, 0), ( 2, 0), ( 2, 0), ( 2, 0), ( 1, 0), ( 1, 0), ( 0, 0), ( 5, 0),
   ( 1, 0), ( 0, 0), ( 0, 0), ( 1, 0), ( 0, 0), ( 0, 0), ( 0, 0), ( 0, 0),
   ( 0, 0), ( 0, 0), ( 0, 0), ( 0, 0), ( 0, 0), ( 0, 0), ( 1, 0), ( 0, 0),
   ( 0, 0), ( 0, 0), ( 1, 0), ( 1, 0), ( 0, 0), ( 0, 0), ( 1, 0), ( 0, 0),
   ( 1, 0), ( 0, 0), ( 0, 0), ( 0, 0), ( 1, 0), ( 1, 0), ( 0, 0), ( 0, 0),
   ( 0, 0), ( 1, 0), ( 1, 0), ( 0, 0), ( 0, 0), ( 0, 0), ( 0, 0), ( 0, 0),
   ( 0, 0), ( 0, 0), ( 0, 0), ( 1, 0), ( 2, 0), ( 2, 0), ( 2, 0), ( 2, 0),
   ( 0, 0), ( 2, 0), ( 0, 0), ( 0, 0), ( 0, 0), ( 2, 0), ( 1, 0), ( 1, 0),
   ( 1, 0), ( 1, 0), ( 1, 0), ( 1, 0), ( 1, 0), ( 1, 0), ( 1, 0), ( 1, 0),
   ( 0, 0), ( 0, 0), ( 0, 0), ( 0, 0), ( 0, 0), ( 0, 0), ( 0, 0), ( 0, 0),
   ( 0, 0), ( 1, 0), ( 2, 0), ( 2, 0), ( 2, 0), ( 2, 0), ( 1, 0), ( 1, 0),
   ( 1, 0), ( 0, 0), ( 2, 0), ( 2, 0), ( 1, 0), ( 1, 0), ( 1, 0), ( 1, 0),
   ( 1, 0), ( 1, 0), ( 1, 0), ( 1, 0), ( 1, 0), ( 1, 0), (-2, 0), ( 0, 0));

Define KerningPairs
 ("AT","AV","AW","AY","Ai","Av","Aw","Ay","F,","F.","FA","LT","LV","LW","LY","Ly",
  "P,","P.","PA","Ry","T,","T-","T.","T:","T;","TA","Ta","Tc","Te","Ti","To","Tr",
  "Ts","Tu","Ty","V,","V-","V.","V:","V;","VA","Va","Ve","Vo","Vr","Vu","Vy","W,",
  "W-","W.","W:","W;","WA","Wa","We","Wo","Wr","Wu","Y-","Y.","Y:","YA","Ya","Ye",
  "Yo","Yp","Yq","Yu","Yv","ei","ia","ii","oi","r,","r.","ri","si","ui","v,","v.",
  "va","w,","w.","wa","wi","y.","ÀT","ÀV","ÀW","ÀY","Àv","Àw","Ày","ÁT","ÁV","ÁW",
  "ÁY","Áv","Áw","Áy","ÂT","ÂV","ÂW","ÂY","Âv","Âw","Ây","ÃT","ÃV","ÃW","ÃY","Ãv",
  "Ãw","Ãy","ÄT","ÄV","ÄW","ÄY","Äv","Äw","Äy","ÅT","ÅV","ÅW","ÅY","Åv","Åw","Åy",
  "ÿ.");

Define KerningValues (  -3,  -2,  -3,  -2,  -1,  -3,  -2,  -2,  -3,  -3,  -2,  -3,  -3,  -3,  -2,  -2,    -3,  -3,  -2,  -1,  -2,  -2,  -2,  -2,  -1,  -3,  -2,  -2,  -1,  -1,  -1,  -1,    -1,  -1,   0,  -3,  -1,  -2,  -1,  -1,  -3,  -2,  -1,  -1,  -1,  -1,   0,  -1,     0,  -1,   0,   0,  -2,  -2,  -1,  -1,  -1,   0,  -1,  -2,  -1,  -2,  -2,  -1,    -1,   0,  -1,   0,   0,  -1,  -1,  -1,  -1,  -1,  -1,   0,  -1,  -1,  -2,  -2,    -3,  -1,  -1,  -2,   0,  -2,  -3,  -3,  -3,  -3,  -2,  -2,  -2,  -3,  -3,  -3,    -2,  -2,  -2,  -2,  -3,  -2,  -2,  -3,  -2,  -2,  -2,  -3,  -3,  -3,  -2,  -3,    -2,  -2,  -3,  -3,  -3,  -3,  -2,  -2,  -2,  -3,  -3,  -3,  -3,  -2,  -2,  -2,    -2);

CreateLayer               Main;
LayerSetImage             Main 'Liddie12';
LayerSetAscent            Main 15;
LayerSetCharWidths        Main CharList WidthList;
LayerSetCharWidths        Main (' ') (10);
LayerSetKerningPairs      Main KerningPairs KerningValues;
LayerSetImageMap          Main CharList RectList;
LayerSetCharOffsets       Main CharList OffsetList;
LayerSetAscentPadding     Main 0;
LayerSetLineSpacingOffset Main 0;
LayerSetPointSize         Main 12;

SetDefaultPointSize  12;
