Define CharList
 ( 'A', 'B', 'C', 'D', 'E', 'F', 'G', 'H', 'I', 'J', 'K', 'L', 'M', 'N', 'O', 'P',
   'Q', 'R', 'S', 'T', 'U', 'V', 'W', 'X', 'Y', 'Z', 'a', 'b', 'c', 'd', 'e', 'f',
   'g', 'h', 'i', 'j', 'k', 'l', 'm', 'n', 'o', 'p', 'q', 'r', 's', 't', 'u', 'v',
   'w', 'x', 'y', 'z', '0', '1', '2', '3', '4', '5', '6', '7', '8', '9', '~', '`',
   '!', '@', '#', '$', '%', '^', '&', '*', '(', ')', '-', '_', '=', '+', '[', '{',
   ']', '}', ';', ':',"'", '"', ',', '<', '.', '>', '/', '?', '¡', '¢', '£', '¥',
   '§', '©', '®', '¿', 'À', 'Á', 'Â', 'Ã', 'Ä', 'Å', 'Æ', 'Ç', 'È', 'É', 'Ê', 'Ë',
   'Ì', 'Í', 'Î', 'Ï', 'Ð', 'Ñ', 'Ò', 'Ó', 'Ô', 'Õ', 'Ö', 'Ø', 'Ù', 'Ú', 'Û', 'Ü',
   'Ý', 'ß', 'à', 'á', 'â', 'ã', 'ä', 'å', 'æ', 'ç', 'è', 'é', 'ê', 'ë', 'ì', 'í',
   'î', 'ï', 'ð', 'ñ', 'ò', 'ó', 'ô', 'õ', 'ö', 'ø', 'ù', 'ú', 'û', 'ü', 'ý', 'ÿ');

Define WidthList
 (   7,   7,   7,   7,   6,   6,   7,   7,   3,   5,   7,   6,   9,   7,   7,   7,
     7,   7,   6,   7,   7,   7,   9,   7,   7,   7,   6,   6,   6,   6,   6,   5,
     6,   6,   3,   3,   7,   3,   9,   6,   6,   6,   6,   5,   6,   5,   6,   6,
     9,   7,   6,   7,   7,   6,   7,   7,   7,   7,   7,   7,   7,   7,   6,   4,
     3,   9,   7,   7,  10,   5,   0,   7,   4,   4,   7,   7,   7,   7,   4,   5,
     4,   5,   3,   3,   2,   4,   4,   6,   3,   6,   5,   7,   3,   6,   7,   7,
     6,   9,   9,   7,   7,   7,   7,   7,   7,   7,  10,   7,   6,   6,   6,   6,
     3,   3,   3,   3,   8,   7,   7,   7,   7,   7,   7,   9,   7,   7,   7,   7,
     7,   7,   6,   6,   6,   6,   6,   6,   9,   6,   6,   6,   6,   6,   3,   4,
     3,   3,   7,   6,   6,   6,   6,   6,   6,   9,   6,   6,   6,   6,   6,   6);

Define RectList
 ( (   0,  0,  5, 11), (   6,  0,  5, 11), (  12,  0,  5, 11), (  18,  0,  5, 11),
   (  24,  0,  4, 11), (  29,  0,  4, 11), (  34,  0,  5, 11), (  40,  0,  5, 11),
   (  46,  0,  1, 11), (  48,  0,  3, 11), (  52,  0,  5, 11), (  58,  0,  4, 11),
   (  63,  0,  7, 11), (  71,  0,  5, 11), (  77,  0,  5, 11), (  83,  0,  5, 11),
   (  89,  0,  5, 11), (  95,  0,  5, 11), ( 101,  0,  4, 11), ( 106,  0,  5, 11),
   ( 112,  0,  5, 11), ( 118,  0,  5, 11), ( 124,  0,  7, 11), ( 132,  0,  5, 11),
   ( 138,  0,  5, 11), ( 144,  0,  5, 11), ( 150,  0,  4, 11), ( 155,  0,  4, 11),
   ( 160,  0,  4, 11), ( 165,  0,  4, 11), ( 170,  0,  4, 11), ( 175,  0,  3, 11),
   ( 179,  0,  4, 11), ( 184,  0,  4, 11), ( 189,  0,  1, 11), ( 191,  0,  2, 11),
   ( 194,  0,  5, 11), ( 200,  0,  1, 11), ( 202,  0,  7, 11), ( 210,  0,  4, 11),
   ( 215,  0,  4, 11), ( 220,  0,  4, 11), ( 225,  0,  4, 11), ( 230,  0,  3, 11),
   ( 234,  0,  4, 11), ( 239,  0,  3, 11), ( 243,  0,  4, 11), ( 248,  0,  4, 11),
   ( 253,  0,  7, 11), ( 261,  0,  5, 11), ( 267,  0,  4, 11), ( 272,  0,  5, 11),
   ( 278,  0,  5, 11), ( 284,  0,  3, 11), ( 288,  0,  5, 11), ( 294,  0,  5, 11),
   ( 300,  0,  5, 11), ( 306,  0,  5, 11), ( 312,  0,  5, 11), ( 318,  0,  5, 11),
   ( 324,  0,  5, 11), ( 330,  0,  5, 11), ( 336,  0,  4, 11), ( 341,  0,  2, 11),
   ( 344,  0,  1, 11), ( 346,  0,  7, 11), ( 354,  0,  5, 11), ( 360,  0,  5, 11),
   ( 366,  0,  8, 11), ( 375,  0,  3, 11), ( 379,  0,  6, 11), ( 386,  0,  5, 11),
   ( 392,  0,  2, 11), ( 395,  0,  2, 11), ( 398,  0,  5, 11), ( 404,  0,  5, 11),
   ( 410,  0,  5, 11), ( 416,  0,  5, 11), ( 422,  0,  2, 11), ( 425,  0,  3, 11),
   ( 429,  0,  2, 11), ( 432,  0,  3, 11), ( 436,  0,  2, 11), ( 439,  0,  1, 11),
   ( 441,  0,  1, 11), ( 443,  0,  3, 11), ( 447,  0,  2, 11), ( 450,  0,  4, 11),
   ( 455,  0,  1, 11), ( 457,  0,  4, 11), ( 462,  0,  3, 11), ( 466,  0,  5, 11),
   ( 472,  0,  1, 11), ( 474,  0,  4, 11), ( 479,  0,  5, 11), ( 485,  0,  5, 11),
   ( 491,  0,  4, 11), ( 496,  0,  7, 11), ( 504,  0,  7, 11), ( 512,  0,  5, 11),
   ( 518,  0,  5, 11), ( 524,  0,  5, 11), ( 530,  0,  5, 11), ( 536,  0,  5, 11),
   ( 542,  0,  5, 11), ( 548,  0,  5, 11), ( 554,  0,  8, 11), ( 563,  0,  5, 11),
   ( 569,  0,  4, 11), ( 574,  0,  4, 11), ( 579,  0,  4, 11), ( 584,  0,  4, 11),
   ( 589,  0,  2, 11), ( 592,  0,  2, 11), ( 595,  0,  3, 11), ( 599,  0,  3, 11),
   ( 603,  0,  6, 11), ( 610,  0,  5, 11), ( 616,  0,  5, 11), ( 622,  0,  5, 11),
   ( 628,  0,  5, 11), ( 634,  0,  5, 11), ( 640,  0,  5, 11), ( 646,  0,  7, 11),
   ( 654,  0,  5, 11), ( 660,  0,  5, 11), ( 666,  0,  5, 11), ( 672,  0,  5, 11),
   ( 678,  0,  5, 11), ( 684,  0,  5, 11), ( 690,  0,  4, 11), ( 695,  0,  4, 11),
   ( 700,  0,  4, 11), ( 705,  0,  4, 11), ( 710,  0,  4, 11), ( 715,  0,  4, 11),
   ( 720,  0,  7, 11), ( 728,  0,  4, 11), ( 733,  0,  4, 11), ( 738,  0,  4, 11),
   ( 743,  0,  4, 11), ( 748,  0,  4, 11), ( 753,  0,  2, 11), ( 756,  0,  2, 11),
   ( 759,  0,  3, 11), ( 763,  0,  3, 11), ( 767,  0,  5, 11), ( 773,  0,  4, 11),
   ( 778,  0,  4, 11), ( 783,  0,  4, 11), ( 788,  0,  4, 11), ( 793,  0,  4, 11),
   ( 798,  0,  4, 11), ( 803,  0,  7, 11), ( 811,  0,  4, 11), ( 816,  0,  4, 11),
   ( 821,  0,  4, 11), ( 826,  0,  4, 11), ( 831,  0,  4, 11), ( 836,  0,  4, 11));

Define OffsetList
 ( ( 1, 0), ( 1, 0), ( 1, 0), ( 1, 0), ( 1, 0), ( 1, 0), ( 1, 0), ( 1, 0),
   ( 1, 0), ( 1, 0), ( 1, 0), ( 1, 0), ( 1, 0), ( 1, 0), ( 1, 0), ( 1, 0),
   ( 1, 0), ( 1, 0), ( 1, 0), ( 1, 0), ( 1, 0), ( 1, 0), ( 1, 0), ( 1, 0),
   ( 1, 0), ( 1, 0), ( 1, 0), ( 1, 0), ( 1, 0), ( 1, 0), ( 1, 0), ( 1, 0),
   ( 1, 0), ( 1, 0), ( 1, 0), ( 0, 0), ( 1, 0), ( 1, 0), ( 1, 0), ( 1, 0),
   ( 1, 0), ( 1, 0), ( 1, 0), ( 1, 0), ( 1, 0), ( 1, 0), ( 1, 0), ( 1, 0),
   ( 1, 0), ( 1, 0), ( 1, 0), ( 1, 0), ( 1, 0), ( 1, 0), ( 1, 0), ( 1, 0),
   ( 1, 0), ( 1, 0), ( 1, 0), ( 1, 0), ( 1, 0), ( 1, 0), ( 1, 0), ( 1, 0),
   ( 1, 0), ( 1, 0), ( 1, 0), ( 1, 0), ( 1, 0), ( 1, 0), ( 1, 0), ( 1, 0),
   ( 1, 0), ( 1, 0), ( 1, 0), ( 1, 0), ( 1, 0), ( 1, 0), ( 1, 0), ( 1, 0),
   ( 1, 0), ( 1, 0), ( 0, 0), ( 1, 0), ( 0, 0), ( 0, 0), ( 1, 0), ( 1, 0),
   ( 1, 0), ( 1, 0), ( 1, 0), ( 1, 0), ( 1, 0), ( 1, 0), ( 1, 0), ( 1, 0),
   ( 1, 0), ( 1, 0), ( 1, 0), ( 1, 0), ( 1, 0), ( 1, 0), ( 1, 0), ( 1, 0),
   ( 1, 0), ( 1, 0), ( 1, 0), ( 1, 0), ( 1, 0), ( 1, 0), ( 1, 0), ( 1, 0),
   ( 0, 0), ( 1, 0), ( 0, 0), ( 0, 0), ( 1, 0), ( 1, 0), ( 1, 0), ( 1, 0),
   ( 1, 0), ( 1, 0), ( 1, 0), ( 1, 0), ( 1, 0), ( 1, 0), ( 1, 0), ( 1, 0),
   ( 1, 0), ( 1, 0), ( 1, 0), ( 1, 0), ( 1, 0), ( 1, 0), ( 1, 0), ( 1, 0),
   ( 1, 0), ( 1, 0), ( 1, 0), ( 1, 0), ( 1, 0), ( 1, 0), ( 0, 0), ( 1, 0),
   ( 0, 0), ( 0, 0), ( 1, 0), ( 1, 0), ( 1, 0), ( 1, 0), ( 1, 0), ( 1, 0),
   ( 1, 0), ( 1, 0), ( 1, 0), ( 1, 0), ( 1, 0), ( 1, 0), ( 1, 0), ( 1, 0));

CreateLayer               Main;
LayerSetImage             Main 'Pix118';
LayerSetAscent            Main 9;
LayerSetCharWidths        Main CharList WidthList;
LayerSetCharWidths        Main (' ') (3);
LayerSetImageMap          Main CharList RectList;
LayerSetCharOffsets       Main CharList OffsetList;
LayerSetAscentPadding     Main 0;
LayerSetLineSpacingOffset Main 0;
LayerSetPointSize         Main 8;

SetDefaultPointSize  8;
